-- // converted using mech's animoduler
local cfr = CFrame.new

return {{tm=0;["Left Leg"]={cf=cfr(0,0,0,1,0,0,0,1,0,0,0,1);es="Linear";ed="In";};["Right Leg"]={cf=cfr(0,0,0,1,0,0,0,1,0,0,0,1);es="Linear";ed="In";};["Left Arm"]={cf=cfr(0,0,0,1,0,0,0,1,0,0,0,1);es="Linear";ed="In";};["Right Arm"]={cf=cfr(0,0,0,1,0,0,0,1,0,0,0,1);es="Linear";ed="In";};["Head"]={cf=cfr(0,0,0,1,0,0,0,1,0,0,0,1);es="Linear";ed="In";};["Torso"]={cf=cfr(0,0,0,1,0,0,0,1,0,0,0,1);es="Linear";ed="In";};["Handle"]={cf=cfr(0,0,0,1,0,0,0,1,0,0,0,1);es="Linear";ed="In";};};{tm=.083;["Left Leg"]={cf=cfr(.025,.104,-.036,.921,.104,.375,-.198,.955,.22,-.336,-.277,.9);es="Linear";ed="In";};["Right Arm"]={cf=cfr(0,0,0,-.843,-.535,-.058,.534,-.845,.037,-.069,0,.998);es="Linear";ed="In";};["Head"]={cf=cfr(0,0,0,.776,-.621,.11,.629,.775,-.063,-.046,.118,.992);es="Linear";ed="In";};["Left Arm"]={cf=cfr(-1.096,-.199,-1.287,-.993,.115,-.025,-.058,-.285,.957,.103,.951,.29);es="Linear";ed="In";};["Right Leg"]={cf=cfr(.055,.195,-.065,.928,.26,-.266,-.15,.916,.371,.34,-.305,.89);es="Linear";ed="In";};["Torso"]={cf=cfr(-.014,-.016,-.206,.706,.705,.067,-.708,.702,.077,.007,-.102,.995);es="Linear";ed="In";};};{tm=.167;["Left Leg"]={cf=cfr(.02,.178,-.059,.9,.002,.435,-.147,.942,.301,-.409,-.335,.849);es="Linear";ed="In";};["Right Arm"]={cf=cfr(.393,.274,.013,-.808,.496,-.319,-.486,-.866,-.116,-.334,.061,.941);es="Linear";ed="In";};["Head"]={cf=cfr(0,0,0,.735,-.675,.07,.678,.729,-.095,.013,.117,.993);es="Linear";ed="In";};["Left Arm"]={cf=cfr(-.72,.579,-2.025,-.941,-.331,-.067,.191,-.685,.703,-.279,.649,.708);es="Linear";ed="In";};["Right Leg"]={cf=cfr(.055,.195,-.065,.933,.32,-.165,-.255,.91,.326,.255,-.262,.931);es="Linear";ed="In";};["Torso"]={cf=cfr(-.02,-.02,-.245,.662,.735,.146,-.749,.657,.09,-.03,-.169,.985);es="Linear";ed="In";};};{tm=.25;["Left Leg"]={cf=cfr(-.202,.619,-.187,.992,.002,.125,-.043,.942,.332,-.117,-.335,.935);es="Linear";ed="In";};["Right Arm"]={cf=cfr(.409,.385,.178,-.136,.81,-.57,-.619,-.519,-.59,-.774,.272,.572);es="Linear";ed="In";};["Head"]={cf=cfr(0,0,0,.995,.089,-.043,-.091,.995,-.05,.039,.053,.998);es="Linear";ed="In";};["Left Arm"]={cf=cfr(-.381,.36,-2.407,-.409,-.911,-.062,.587,-.315,.746,-.698,.268,.663);es="Linear";ed="In";};["Right Leg"]={cf=cfr(.471,.743,.181,.844,.398,-.36,-.427,.904,0,.325,.154,.933);es="Linear";ed="In";};["Torso"]={cf=cfr(-.02,-.02,-.245,.944,-.141,.298,.132,.99,.048,-.301,-.006,.954);es="Linear";ed="In";};};{tm=.283;["Right Arm"]={cf=cfr(.734,.495,.271,-.936,-.151,-.317,.349,-.313,-.883,.035,-.938,.346);es="Linear";ed="In";};};{tm=.333;["Left Leg"]={cf=cfr(-.213,.679,-.227,.741,-.143,.656,-.283,.819,.499,-.609,-.555,.567);es="Linear";ed="In";};["Right Arm"]={cf=cfr(.934,.287,-.252,.748,-.664,.014,.106,.098,-.99,.655,.742,.144);es="Linear";ed="In";};["Head"]={cf=cfr(0,0,0,.569,.817,-.098,-.818,.548,-.175,-.089,.18,.98);es="Linear";ed="In";};["Left Arm"]={cf=cfr(.131,.203,.044,.155,.533,-.832,-.304,.827,.473,.94,.179,.29);es="Linear";ed="In";};["Right Leg"]={cf=cfr(.05,.165,.062,.656,-.254,-.711,.257,.961,-.105,.709,-.114,.696);es="Linear";ed="In";};["Torso"]={cf=cfr(.122,-.219,-.536,.566,-.705,.428,.782,.623,-.007,-.262,.339,.904);es="Linear";ed="In";};};{tm=.417;["Left Leg"]={cf=cfr(-.202,.61,-.181,.821,-.012,.571,-.285,.858,.427,-.495,-.514,.701);es="Linear";ed="In";};["Right Arm"]={cf=cfr(1.069,.273,-.404,.907,-.37,.202,.285,.183,-.941,.311,.911,.272);es="Linear";ed="In";};["Head"]={cf=cfr(0,0,0,.516,.849,-.117,-.854,.501,-.139,-.06,.172,.983);es="Linear";ed="In";};["Left Arm"]={cf=cfr(.239,.329,.159,.192,.376,-.907,-.401,.873,.277,.896,.31,.318);es="Linear";ed="In";};["Right Leg"]={cf=cfr(.034,.273,.041,.645,-.201,-.737,.317,.948,.018,.695,-.245,.676);es="Linear";ed="In";};["Handle"]={cf=cfr(0,0,0,1,0,0,0,1,0,0,0,1);es="Linear";ed="In";};["Torso"]={cf=cfr(.122,-.219,-.536,.466,-.788,.402,.872,.487,-.057,-.151,.377,.914);es="Linear";ed="In";};};}
